,Fall,College,Major Name,Total,Male,Female
541,1982,LAS,GEN CURR,2182,960,1222
532,1982,LAS,Chemical Engineering,551,419,132
534,1982,LAS,Chemistry,550,415,135
568,1982,LAS,UNCLASS,187,76,111
559,1982,LAS,Psychology,184,96,88
530,1982,LAS,Biology,175,92,83
550,1982,LAS,Mathematics,159,124,35
553,1982,LAS,PRE-JOURN,150,47,103
544,1982,LAS,Geology,114,80,34
538,1982,LAS,English,110,50,60
