,Fall,College,Major Name,Total,Male,Female
590,1983,ACES,Animal Sciences,474,218,256
584,1983,ACES,Agricultural & Applied Econ,429,356,73
616,1983,ACES,Physics,370,340,30
598,1983,ACES,Food Science & Human Nutrition,220,84,136
589,1983,ACES,Agronomy,168,128,40
609,1983,ACES,INT DSGN,163,9,154
611,1983,ACES,MKT TEXT&A,141,4,137
621,1983,ACES,Speech & Hearing Science,131,8,123
593,1983,ACES,CORE CURR,103,73,30
587,1983,ACES,Agricultural Engineering,98,91,7
