,Fall,College,Major Name,Total,Male,Female
1347,1986,LAS,GEN CURR,2269,956,1313
1360,1986,LAS,PRE-JOURN,540,151,389
1340,1986,LAS,Chemistry,522,366,156
1338,1986,LAS,Chemical Engineering,440,329,111
1361,1986,LAS,PRE-MED,210,101,109
1366,1986,LAS,Psychology,202,109,93
1376,1986,LAS,UNCLASS,180,77,103
1377,1986,LAS,UNCM FR&SO,173,85,88
1357,1986,LAS,Mathematics,167,127,40
1336,1986,LAS,Biology,163,87,76
