,Fall,College,Major Name,Total,Male,Female
3963,1999,LAS,GEN CURR,2838,1356,1482
3954,1999,LAS,Chemical Engineering,468,314,154
3976,1999,LAS,PRE-JOURN,424,114,310
3956,1999,LAS,Chemistry,400,256,144
3977,1999,LAS,PRE-MED,258,110,148
3990,1999,LAS,TRANSITION,201,90,111
3991,1999,LAS,UNCLASS,200,88,112
3992,1999,LAS,UNCM FR&SO,181,89,92
3949,1999,LAS,BIOCH,180,83,97
3972,1999,LAS,Mathematics,171,121,50
